winRate=[[100, 55, 42, 3], [200, 50, 39, 11], [300, 55, 38, 7], [400, 40, 53, 7], [500, 48, 43, 9], [600, 48, 44, 8], [700, 54, 40, 6], [800, 46, 50, 4], [900, 41, 46, 13], [1000, 44, 49, 7], [1100, 46, 50, 4], [1200, 56, 39, 5], [1300, 47, 43, 10], [1400, 53, 42, 5], [1500, 47, 45, 8], [1600, 49, 45, 6]]
episode=1600
